2015-05-19 19:42:34,Device0,739,525,895,328,56,351,725,16,835,736,315
2015-05-19 19:42:35,Device1,412,497,24,626,905,416,120,644,653,304,297
2015-05-19 19:42:36,Device2,479,257,36,501,839,1000,770,6,824,566,735
2015-05-19 19:42:37,Device3,641,397,825,737,450,650,659,180,791,73,968
2015-05-19 19:42:38,Device4,774,194,664,758,565,228,327,55,975,859,921
2015-05-19 19:42:39,Device5,401,302,223,141,165,68,180,677,279,968,890
2015-05-19 19:42:40,Device6,363,457,484,369,240,694,622,349,502,471,166
2015-05-19 19:42:41,Device7,717,548,125,943,477,101,542,485,166,64,778
2015-05-19 19:42:42,Device8,768,865,706,760,120,88,8,485,407,163,704
2015-05-19 19:42:43,Device9,188,887,237,721,434,638,722,224,341,946,645
2015-05-19 19:42:44,Device10,652,822,347,778,713,843,246,142,706,442,677
2015-05-19 19:42:45,Device11,831,471,645,276,595,857,948,459,955,636,483
2015-05-19 19:42:46,Device12,993,33,664,408,709,470,103,35,557,319,743
2015-05-19 19:42:47,Device13,500,767,733,943,702,954,834,585,550,44,175
2015-05-19 19:42:48,Device14,406,536,994,302,204,205,54,370,897,55,92
2015-05-19 19:42:49,Device15,620,495,184,860,503,542,342,871,594,556,980
2015-05-19 19:42:50,Device16,364,520,23,305,484,950,346,99,114,551,169
2015-05-19 19:42:51,Device17,935,867,61,460,148,41,21,135,298,578,833
2015-05-19 19:42:52,Device18,954,580,338,421,117,700,110,199,68,604,66
2015-05-19 19:42:53,Device19,21,854,887,918,87,920,203,87,106,415,845
2015-05-19 19:42:54,Device20,213,383,73,236,138,183,510,956,897,910,938
2015-05-19 19:42:55,Device21,586,13,187,991,859,792,711,696,160,513,582
2015-05-19 19:42:56,Device22,612,398,960,148,992,134,991,912,554,498,701
2015-05-19 19:42:57,Device23,214,425,12,630,711,23,75,175,309,477,472
2015-05-19 19:42:58,Device24,610,885,745,300,798,782,126,818,351,237,695
2015-05-19 19:42:59,Device25,538,479,829,760,453,198,40,997,648,564,699
2015-05-19 19:43:00,Device26,985,717,209,665,714,645,358,801,633,484,380
2015-05-19 19:43:01,Device27,85,740,378,39,719,769,893,841,438,77,185
2015-05-19 19:43:02,Device28,345,172,510,793,380,444,419,110,616,603,343
2015-05-19 19:43:03,Device29,254,9,487,364,211,344,296,419,2,9,457
2015-05-19 19:43:04,Device30,363,599,434,695,817,418,450,727,829,807,963
2015-05-19 19:43:05,Device31,151,610,496,623,885,182,807,669,313,545,903
2015-05-19 19:43:06,Device32,581,18,975,957,93,376,673,724,715,6,525
2015-05-19 19:43:07,Device33,840,589,865,374,655,580,721,20,28,786,952
2015-05-19 19:43:08,Device34,306,59,835,345,338,820,341,35,683,238,659
2015-05-19 19:43:09,Device35,65,868,137,216,105,821,795,979,371,969,722
2015-05-19 19:43:10,Device36,611,734,901,471,401,515,474,736,914,474,955
2015-05-19 19:43:11,Device37,867,232,407,841,454,17,18,880,978,683,733
2015-05-19 19:43:12,Device38,330,43,709,998,978,153,561,509,112,858,452
2015-05-19 19:43:13,Device39,443,844,303,445,970,690,735,355,872,792,158
2015-05-19 19:43:14,Device40,296,235,55,722,239,614,882,771,994,52,171
2015-05-19 19:43:15,Device41,540,215,349,90,87,52,899,736,830,198,94
2015-05-19 19:43:16,Device42,599,796,563,847,428,263,917,408,651,378,19
2015-05-19 19:43:17,Device43,58,177,544,686,730,374,378,54,71,908,641
2015-05-19 19:43:18,Device44,717,276,534,420,748,661,84,926,543,61,794
2015-05-19 19:43:19,Device45,614,724,296,670,54,212,686,119,76,988,251
2015-05-19 19:43:20,Device46,160,114,593,422,885,303,901,503,853,922,889
2015-05-19 19:43:21,Device47,189,847,136,679,914,581,75,723,649,534,119
